4
4
60 20 40 50
0 1 1 2
5
3 2 1 4 5
0 1 1 1 0
8
100 100 100 90 80 100 90 100
0 1 2 1 2 3 1 3
16
300 200 150 100 100 100 100 20  60  70  90  30  30 500 200  100
0   1   1   2   3   4   4   5   5   8   8   9   9   11   14   15
17
300 200 150 100 100 100 100 20  60  70  90  30  30 500 200  100 5
0   1   1   2   3   4   4   5   5   8   8   9   9   11   14   15 11
13
300 200 150 100 100 100 100 20  60  40  40  30  30 
0   1   1   2   3   4   4   5   5   8   8   9   9 
6
130 50 120 110 150 700
0 1 1 1 2 2
6
700 150 120 110 50 130
0 1 1 1 2 2
1
10
10 100 200 300 50 120 100 700 20 1000
0 1 2 3 4 4 4 5 8 8
1
10
300 50 120 100 700 20 1000
0 1 1 1 2 5 

2
10
1 2 3 4 5 6 7 8 9 10
0 0 1 1 2 2 5 6 3 4
1
10
1000000000 1000000000 1000000000 1000000000 1000000000 1000000000 1000000000 1000000000 1000000000 1000000000
0 0 1 1 2 2 5 6 3 4